{
 "cells": [
  {
   "cell_type": "code",
   "execution_count": null,
   "metadata": {},
   "outputs": [],
   "source": [
    "import numpy as np\n",
    "import cv2\n",
    "from matplotlib import pyplot as plt\n",
    "\n",
    "%matplotlib inline\n"
   ]
  },
  {
   "cell_type": "code",
   "execution_count": null,
   "metadata": {},
   "outputs": [],
   "source": [
    "def readRawImage(url, rows, cols, color=False):\n",
    "    count = rows*cols*3 if color == True else rows*cols\n",
    "    shape = (rows, cols, 3) if color == True else (rows, cols)\n",
    "\n",
    "    fd = open(url, 'rb')\n",
    "    file = np.fromfile(fd, dtype=np.uint8, count=count)\n",
    "    fd.close()\n",
    "    return file.reshape(shape)\n",
    "\n",
    "\n",
    "def showScatter(x, y):\n",
    "    plt.figure(dpi=188)\n",
    "    plt.axis([np.min(x)-0.1, np.max(x)+0.1, np.min(y)-0.1, np.max(y)+0.1])\n",
    "    plt.scatter(x, y, s=1)\n",
    "    plt.show()\n",
    "\n",
    "\n",
    "def showImage(image, title=\"\", cmap=None):\n",
    "    plt.figure(dpi=188)\n",
    "    plt.imshow(image, cmap=None, vmin=0, vmax=255)\n",
    "    plt.axis(\"off\")\n",
    "    plt.title(title)\n",
    "    plt.show()\n",
    "\n",
    "\n",
    "def showImageHistogram(image, title=\"\"):\n",
    "    plt.figure(dpi=188)\n",
    "    plt.hist(image.ravel(), bins=256, range=(0, 255))\n",
    "    plt.title(title)\n",
    "    plt.show()\n",
    "\n",
    "\n",
    "def showImageCDF(image, title=\"\"):\n",
    "    plt.figure(dpi=188)\n",
    "    hist, bin_edges = np.histogram(image, bins=256, range=(0, 255))\n",
    "    cdf = np.cumsum(hist/256/256)\n",
    "    plt.title(title + \"\\nSuggest threshold: \" +\n",
    "              str(np.where(cdf > 0.70)[0][0]))\n",
    "    plt.show()\n"
   ]
  },
  {
   "cell_type": "code",
   "execution_count": null,
   "metadata": {},
   "outputs": [],
   "source": [
    "cvtMatrices = {}\n",
    "\n",
    "# RGB2XYZ_Matrix = np.array([[0.5141, 0.3239, 0.1604],\n",
    "#                            [0.2651, 0.6702, 0.0641],\n",
    "#                            [0.0241, 0.1228, 0.8444]])\n",
    "cvtMatrices['rgb2xyz'] = np.array([[0.5141, 0.3239, 0.1604],\n",
    "                                   [0.2651, 0.6702, 0.0641],\n",
    "                                   [0.0241, 0.1228, 0.8444]])\n",
    "cvtMatrices['xyz2rgb'] = np.array([[2.5655219, -1.16682231, -0.3987641],\n",
    "                                   [-1.02201355,  1.97795944,  0.04398836],\n",
    "                                   [0.07540761, -0.25434984,  1.1892568]])\n",
    "\n",
    "\n",
    "# base on https://docs.opencv.org/3.3.0/de/d25/imgproc_color_conversions.html\n",
    "# RGB2XYZ_Matrix = np.array([[0.412453, 0.357580, 0.180423],\n",
    "#                            [0.212671, 0.715160, 0.072169],\n",
    "#                            [0.019334, 0.119193, 0.950227]])\n",
    "# cvtMatrices['rgb2xyz'] = np.array([[0.412453, 0.357580, 0.180423],\n",
    "#                                    [0.212671, 0.715160, 0.072169],\n",
    "#                                    [0.019334, 0.119193, 0.950227]])\n",
    "\n",
    "\n",
    "# XYZ2LMS_Matrix = np.array([[0.3897, 0.6890, -0.0787],\n",
    "#                            [-0.2298, 1.1834, 0.0464],\n",
    "#                            [0.0000, 0.0000, 1.0000]])\n",
    "cvtMatrices['xyz2lms'] = np.array([[0.3897, 0.6890, -0.0787],\n",
    "                                   [-0.2298, 1.1834, 0.0464],\n",
    "                                   [0.0000, 0.0000, 1.0000]])\n",
    "cvtMatrices['lms2xyz'] = np.array([[1.91024040e+00, -1.11218154e+00,  2.01941143e-01],\n",
    "                                   [3.70942406e-01,  6.29052461e-01,  5.13314556e-06],\n",
    "                                   [0.00000000e+00,  0.00000000e+00,  1.00000000e+00]])\n",
    "\n",
    "# LMS2LAB_Matrix1 = np.array([[1/np.sqrt(3), 0.0000, 0.0000],\n",
    "#                             [0.0000, 1/np.sqrt(6), 0.0000],\n",
    "#                             [0.0000, 0.0000, 1/np.sqrt(2)]])\n",
    "# LMS2LAB_Matrix2 = np.array([[1.0000, 1.0000, 1.0000],\n",
    "#                             [1.0000, 1.0000, -2.0000],\n",
    "#                             [1.0000, -1.0000, 0.0000]])\n",
    "# LMS2LAB_Matrix = np.dot(LMS2LAB_Matrix1, LMS2LAB_Matrix2)\n",
    "cvtMatrices['lms2lab'] = np.array([[0.57735027,  0.57735027,  0.57735027],\n",
    "                                   [0.40824829,  0.40824829, - 0.81649658],\n",
    "                                   [0.70710678, - 0.70710678,  0.]])\n",
    "cvtMatrices['lab2lms'] = np.array([[5.77350269e-01,  4.08248290e-01,  7.07106781e-01],\n",
    "                                   [5.77350269e-01,  4.08248290e-01, -7.07106781e-01],\n",
    "                                   [5.77350269e-01, -8.16496581e-01,  1.14046500e-16]])\n"
   ]
  },
  {
   "cell_type": "code",
   "execution_count": null,
   "metadata": {},
   "outputs": [],
   "source": [
    "def Normalize(image):\n",
    "    return image.astype('float32') / np.float32(255)\n",
    "\n",
    "\n",
    "def Unnormalize(image):\n",
    "    return image.astype('float32') * np.float32(255)\n",
    "\n",
    "\n",
    "def gammaCorrection(image, gamma=1.0):\n",
    "    return np.power(image, 1.0 / gamma)\n",
    "\n",
    "\n",
    "def convertRGB2LAB(image):\n",
    "    image = convertColorSpace(image, 'rgb2xyz')\n",
    "    image = convertColorSpace(image, 'xyz2lms')\n",
    "    image = convertColorSpace(image, 'lms2lab')\n",
    "    return image\n",
    "\n",
    "\n",
    "def convertLAB2RGB(image):\n",
    "    image = convertColorSpace(image, 'lab2lms')\n",
    "    image = convertColorSpace(image, 'lms2xyz')\n",
    "    image = convertColorSpace(image, 'xyz2rgb')\n",
    "    return image\n",
    "\n",
    "\n",
    "def convertColorSpace(image, flag):\n",
    "    imageTmp = image.copy()\n",
    "\n",
    "    if flag == 'lms2lab':\n",
    "        imageTmp[imageTmp == 0.0] = np.float32(0.00000000001)\n",
    "        imageTmp = np.log10(imageTmp).dot(cvtMatrices[flag].T)\n",
    "    elif flag == 'lab2lms':\n",
    "        imageTmp = np.power(10, imageTmp.dot(cvtMatrices[flag].T))\n",
    "    else:\n",
    "        imageTmp = imageTmp.dot(cvtMatrices[flag].T)\n",
    "    return imageTmp\n",
    "\n",
    "\n",
    "def convertGrayWorld(channel):\n",
    "    return channel - np.median(channel)\n",
    "\n",
    "\n",
    "def splitChannels(image):\n",
    "    return np.dsplit(image, 3)\n",
    "\n",
    "\n",
    "def stackChannels(channels):\n",
    "    return np.dstack(channels)\n",
    "\n",
    "\n",
    "def clipChannel(channel):\n",
    "    channel = np.clip(channel, 0, 255)\n",
    "    return channel\n"
   ]
  },
  {
   "cell_type": "code",
   "execution_count": null,
   "metadata": {},
   "outputs": [],
   "source": [
    "def correctColor(number, extension):\n",
    "    gamma = 0.2\n",
    "    image = cv2.imread('./input/' + number + '.' + extension)\n",
    "    image = cv2.cvtColor(image, cv2.COLOR_BGR2RGB)\n",
    "\n",
    "    image = Normalize(image)\n",
    "    image = gammaCorrection(image, gamma=gamma)\n",
    "    image = convertRGB2LAB(image)\n",
    "\n",
    "    l, a, b = splitChannels(image)\n",
    "    a, b = convertGrayWorld(a), convertGrayWorld(b)\n",
    "    image = stackChannels((l, a, b))\n",
    "\n",
    "    image = convertLAB2RGB(image)\n",
    "    image = gammaCorrection(image, gamma=1/gamma)\n",
    "    image = Unnormalize(image)\n",
    "\n",
    "    # fit 0 ~ 255\n",
    "    r, g, b = splitChannels(image)\n",
    "    r, g, b = clipChannel(r), clipChannel(g), clipChannel(b)\n",
    "    image = stackChannels((r, g, b))\n",
    "\n",
    "    return image\n"
   ]
  },
  {
   "cell_type": "code",
   "execution_count": null,
   "metadata": {},
   "outputs": [],
   "source": [
    "def loadImgSrc():\n",
    "    import json\n",
    "    with open('./input/imgSrc.json', 'r') as file:\n",
    "        return json.loads(file.read())\n",
    "\n",
    "\n",
    "imgSrc = loadImgSrc()\n",
    "\n",
    "\n",
    "for name in imgSrc:\n",
    "    image = correctColor(name, imgSrc[name]['ext'])\n",
    "#     showImage(np.uint8(image))\n",
    "\n",
    "    image = cv2.cvtColor(image, cv2.COLOR_RGB2BGR)\n",
    "    cv2.imwrite('./output/' + name + '.png', image)\n"
   ]
  }
 ],
 "metadata": {
  "kernelspec": {
   "display_name": "Python 3",
   "language": "python",
   "name": "python3"
  },
  "language_info": {
   "codemirror_mode": {
    "name": "ipython",
    "version": 3
   },
   "file_extension": ".py",
   "mimetype": "text/x-python",
   "name": "python",
   "nbconvert_exporter": "python",
   "pygments_lexer": "ipython3",
   "version": "3.7.3"
  }
 },
 "nbformat": 4,
 "nbformat_minor": 2
}
